Results report for exact solver: 
 
Seconds to solve: 0.016416072845458984
 
Final loss: -4.999999999999999
 
Final Configuration: [[1.0, 1.0, 1.0], [0.0, 1.0, 0.0], [0.0, 0.0, 0.0]]
 
Individual losses  for simulator
 
-2.4999999999999987, 1
[1.57079633 1.57079633 1.57079633 1.57079633 1.57079633 1.57079633
 1.57079633]
-2.4999999949999996, 2
[1.57079634 1.57079633 1.57079633 1.57079633 1.57079633 1.57079633
 1.57079633]
-2.5000000074999993, 3
[1.57079633 1.57079634 1.57079633 1.57079633 1.57079633 1.57079633
 1.57079633]
-2.4999999975000007, 4
[1.57079633 1.57079633 1.57079634 1.57079633 1.57079633 1.57079633
 1.57079633]
-2.500000024999999, 5
[1.57079633 1.57079633 1.57079633 1.57079634 1.57079633 1.57079633
 1.57079633]
-2.4999999999999987, 6
[1.57079633 1.57079633 1.57079633 1.57079633 1.57079634 1.57079633
 1.57079633]
-2.4999999999999982, 7
[1.57079633 1.57079633 1.57079633 1.57079633 1.57079633 1.57079634
 1.57079633]
-2.4999999999999982, 8
[1.57079633 1.57079633 1.57079633 1.57079633 1.57079633 1.57079633
 1.57079634]
-4.24337568415767, 9
[1.07079642 2.32079639 1.32079653 3.14159265 1.57079633 1.57079628
 1.57079628]
-4.243375684956714, 10
[1.07079643 2.32079639 1.32079653 3.14159265 1.57079633 1.57079628
 1.57079628]
-4.243375665980642, 11
[1.07079642 2.3207964  1.32079653 3.14159265 1.57079633 1.57079628
 1.57079628]
-4.243375685807028, 12
[1.07079642 2.32079639 1.32079654 3.14159265 1.57079633 1.57079628
 1.57079628]
-4.243375684157671, 13
[1.07079642 2.32079639 1.32079653 3.14159264 1.57079633 1.57079628
 1.57079628]
-4.243375684956713, 14
[1.07079642 2.32079639 1.32079653 3.14159265 1.57079634 1.57079628
 1.57079628]
-4.243375665980628, 15
[1.07079642 2.32079639 1.32079653 3.14159265 1.57079633 1.57079629
 1.57079628]
-4.243375685807029, 16
[1.07079642 2.32079639 1.32079653 3.14159265 1.57079633 1.57079628
 1.57079629]
-4.907439907906948, 17
[1.03849413 1.88072767 1.340607   3.14159265 1.59378722 1.04778734
 1.61825336]
-4.907439908719578, 18
[1.03849414 1.88072767 1.340607   3.14159265 1.59378722 1.04778734
 1.61825336]
-4.907439913546121, 19
[1.03849413 1.88072768 1.340607   3.14159265 1.59378722 1.04778734
 1.61825336]
-4.907439909118394, 20
[1.03849413 1.88072767 1.34060701 3.14159265 1.59378722 1.04778734
 1.61825336]
-4.907439907906948, 21
[1.03849413 1.88072767 1.340607   3.14159264 1.59378722 1.04778734
 1.61825336]
-4.907439908719575, 22
[1.03849413 1.88072767 1.340607   3.14159265 1.59378723 1.04778734
 1.61825336]
-4.907439913546121, 23
[1.03849413 1.88072767 1.340607   3.14159265 1.59378722 1.04778735
 1.61825336]
-4.907439909118395, 24
[1.03849413 1.88072767 1.340607   3.14159265 1.59378722 1.04778734
 1.61825337]
-4.974600097979581, 25
[1.06433137 1.98241509 1.36351478 3.14159265 1.60479603 1.17171739
 1.63374696]
-4.974600098738052, 26
[1.06433138 1.98241509 1.36351478 3.14159265 1.60479603 1.17171739
 1.63374696]
-4.974600097645193, 27
[1.06433137 1.9824151  1.36351478 3.14159265 1.60479603 1.17171739
 1.63374696]
-4.97460009893845, 28
[1.06433137 1.98241509 1.36351479 3.14159265 1.60479603 1.17171739
 1.63374696]
-4.97460009797958, 29
[1.06433137 1.98241509 1.36351478 3.14159264 1.60479603 1.17171739
 1.63374696]
-4.974600098738051, 30
[1.06433137 1.98241509 1.36351478 3.14159265 1.60479604 1.17171739
 1.63374696]
-4.974600097645193, 31
[1.06433137 1.98241509 1.36351478 3.14159265 1.60479603 1.1717174
 1.63374696]
-4.974600098938451, 32
[1.06433137 1.98241509 1.36351478 3.14159265 1.60479603 1.17171739
 1.63374697]
-4.98032976248189, 33
[1.08098152 1.97946526 1.38369202 3.14159265 1.62001438 1.17091522
 1.65320833]
-4.980329763192685, 34
[1.08098153 1.97946526 1.38369202 3.14159265 1.62001438 1.17091522
 1.65320833]
-4.98032976224755, 35
[1.08098152 1.97946527 1.38369202 3.14159265 1.62001438 1.17091522
 1.65320833]
-4.980329763178563, 36
[1.08098152 1.97946526 1.38369203 3.14159265 1.62001438 1.17091522
 1.65320833]
-4.98032976248189, 37
[1.08098152 1.97946526 1.38369202 3.14159264 1.62001438 1.17091522
 1.65320833]
-4.980329763192688, 38
[1.08098152 1.97946526 1.38369202 3.14159265 1.62001439 1.17091522
 1.65320833]
-4.980329762247551, 39
[1.08098152 1.97946526 1.38369202 3.14159265 1.62001438 1.17091523
 1.65320833]
-4.980329763178565, 40
[1.08098152 1.97946526 1.38369202 3.14159265 1.62001438 1.17091522
 1.65320834]
-4.996254622364598, 41
[1.20847631 1.96730056 1.45930837 3.14159265 1.73809253 1.17287768
 1.72411626]
-4.996254622687581, 42
[1.20847632 1.96730056 1.45930837 3.14159265 1.73809253 1.17287768
 1.72411626]
-4.996254622402316, 43
[1.20847631 1.96730057 1.45930837 3.14159265 1.73809253 1.17287768
 1.72411626]
-4.9962546220857975, 44
[1.20847631 1.96730056 1.45930838 3.14159265 1.73809253 1.17287768
 1.72411626]
-4.996254622364598, 45
[1.20847631 1.96730056 1.45930837 3.14159264 1.73809253 1.17287768
 1.72411626]
-4.996254622687581, 46
[1.20847631 1.96730056 1.45930837 3.14159265 1.73809254 1.17287768
 1.72411626]
-4.996254622402316, 47
[1.20847631 1.96730056 1.45930837 3.14159265 1.73809253 1.17287769
 1.72411626]
-4.996254622085797, 48
[1.20847631 1.96730056 1.45930837 3.14159265 1.73809253 1.17287768
 1.72411627]
-4.9992370096566585, 49
[1.27196954 1.96438995 1.45502135 3.14159265 1.79816831 1.1750932
 1.71812046]
-4.999237009775651, 50
[1.27196955 1.96438995 1.45502135 3.14159265 1.79816831 1.1750932
 1.71812046]
-4.999237009712911, 51
[1.27196954 1.96438996 1.45502135 3.14159265 1.79816831 1.1750932
 1.71812046]
-4.999237009446369, 52
[1.27196954 1.96438995 1.45502136 3.14159265 1.79816831 1.1750932
 1.71812046]
-4.9992370096566585, 53
[1.27196954 1.96438995 1.45502135 3.14159264 1.79816831 1.1750932
 1.71812046]
-4.999237009775649, 54
[1.27196954 1.96438995 1.45502135 3.14159265 1.79816832 1.1750932
 1.71812046]
-4.999237009712911, 55
[1.27196954 1.96438995 1.45502135 3.14159265 1.79816831 1.17509321
 1.71812046]
-4.999237009446366, 56
[1.27196954 1.96438995 1.45502135 3.14159265 1.79816831 1.1750932
 1.71812047]
-4.999999104642622, 57
[1.30846958 1.96417948 1.43887798 3.14159265 1.83322913 1.17703946
 1.70125706]
-4.999999104642447, 58
[1.30846959 1.96417948 1.43887798 3.14159265 1.83322913 1.17703946
 1.70125706]
-4.9999991046525905, 59
[1.30846958 1.96417949 1.43887798 3.14159265 1.83322913 1.17703946
 1.70125706]
-4.999999104652341, 60
[1.30846958 1.96417948 1.43887799 3.14159265 1.83322913 1.17703946
 1.70125706]
-4.999999104642622, 61
[1.30846958 1.96417948 1.43887798 3.14159264 1.83322913 1.17703946
 1.70125706]
-4.999999104642446, 62
[1.30846958 1.96417948 1.43887798 3.14159265 1.83322914 1.17703946
 1.70125706]
-4.9999991046525905, 63
[1.30846958 1.96417948 1.43887798 3.14159265 1.83322913 1.17703947
 1.70125706]
-4.999999104652341, 64
[1.30846958 1.96417948 1.43887798 3.14159265 1.83322913 1.17703946
 1.70125707]
-4.999999999066438, 65
[1.30840668 1.96433886 1.43960198 3.14159265 1.83312073 1.17726696
 1.70195837]
-4.9999999990665485, 66
[1.30840669 1.96433886 1.43960198 3.14159265 1.83312073 1.17726696
 1.70195837]
-4.9999999990660875, 67
[1.30840668 1.96433887 1.43960198 3.14159265 1.83312073 1.17726696
 1.70195837]
-4.999999999066654, 68
[1.30840668 1.96433886 1.43960199 3.14159265 1.83312073 1.17726696
 1.70195837]
-4.999999999066438, 69
[1.30840668 1.96433886 1.43960198 3.14159264 1.83312073 1.17726696
 1.70195837]
-4.9999999990665485, 70
[1.30840668 1.96433886 1.43960198 3.14159265 1.83312074 1.17726696
 1.70195837]
-4.9999999990660875, 71
[1.30840668 1.96433886 1.43960198 3.14159265 1.83312073 1.17726697
 1.70195837]
-4.999999999066654, 72
[1.30840668 1.96433886 1.43960198 3.14159265 1.83312073 1.17726696
 1.70195838]
-4.999999999995731, 73
[1.30843714 1.9643315  1.43961801 3.14159265 1.83314959 1.17726201
 1.70197359]
-4.99999999999574, 74
[1.30843715 1.9643315  1.43961801 3.14159265 1.83314959 1.17726201
 1.70197359]
-4.999999999995706, 75
[1.30843714 1.96433151 1.43961801 3.14159265 1.83314959 1.17726201
 1.70197359]
-4.999999999995738, 76
[1.30843714 1.9643315  1.43961802 3.14159265 1.83314959 1.17726201
 1.70197359]
-4.999999999995731, 77
[1.30843714 1.9643315  1.43961801 3.14159264 1.83314959 1.17726201
 1.70197359]
-4.99999999999574, 78
[1.30843714 1.9643315  1.43961801 3.14159265 1.8331496  1.17726201
 1.70197359]
-4.9999999999957065, 79
[1.30843714 1.9643315  1.43961801 3.14159265 1.83314959 1.17726202
 1.70197359]
-4.999999999995737, 80
[1.30843714 1.9643315  1.43961801 3.14159265 1.83314959 1.17726201
 1.7019736 ]

 
 Results report for simulator: 
 
Loss data: [-2.4999999999999987, -2.4999999949999996, -2.5000000074999993, -2.4999999975000007, -2.500000024999999, -2.4999999999999987, -2.4999999999999982, -2.4999999999999982, -4.24337568415767, -4.243375684956714, -4.243375665980642, -4.243375685807028, -4.243375684157671, -4.243375684956713, -4.243375665980628, -4.243375685807029, -4.907439907906948, -4.907439908719578, -4.907439913546121, -4.907439909118394, -4.907439907906948, -4.907439908719575, -4.907439913546121, -4.907439909118395, -4.974600097979581, -4.974600098738052, -4.974600097645193, -4.97460009893845, -4.97460009797958, -4.974600098738051, -4.974600097645193, -4.974600098938451, -4.98032976248189, -4.980329763192685, -4.98032976224755, -4.980329763178563, -4.98032976248189, -4.980329763192688, -4.980329762247551, -4.980329763178565, -4.996254622364598, -4.996254622687581, -4.996254622402316, -4.9962546220857975, -4.996254622364598, -4.996254622687581, -4.996254622402316, -4.996254622085797, -4.9992370096566585, -4.999237009775651, -4.999237009712911, -4.999237009446369, -4.9992370096566585, -4.999237009775649, -4.999237009712911, -4.999237009446366, -4.999999104642622, -4.999999104642447, -4.9999991046525905, -4.999999104652341, -4.999999104642622, -4.999999104642446, -4.9999991046525905, -4.999999104652341, -4.999999999066438, -4.9999999990665485, -4.9999999990660875, -4.999999999066654, -4.999999999066438, -4.9999999990665485, -4.9999999990660875, -4.999999999066654, -4.999999999995731, -4.99999999999574, -4.999999999995706, -4.999999999995738, -4.999999999995731, -4.99999999999574, -4.9999999999957065, -4.999999999995737]
 
Seconds to solve: 1.058912754058838
 
Final loss: -4.999999999995731
 
Optimal Parameters: [1.3084371428971064, 1.9643315023103856, 1.439618007959682, 3.141592653589793, 1.8331495916485254, 1.1772620090703563, 1.7019735945940946]
 
Final Configuration: [[1.0, 1.0, 1.0], [0.0, 1.0, 0.0], [0.0, 0.0, 0.0]]
 
Individual losses  for hardware
 
-1.6079101562499998, 1
[1.57079633 1.57079633 1.57079633 1.57079633 1.57079633 1.57079633
 1.57079633]
-1.5983072916666663, 2
[1.57079634 1.57079633 1.57079633 1.57079633 1.57079633 1.57079633
 1.57079633]
-1.570393880208333, 3
[1.57079633 1.57079634 1.57079633 1.57079633 1.57079633 1.57079633
 1.57079633]
-2.060872395833333, 4
[1.57079633 1.57079633 1.57079634 1.57079633 1.57079633 1.57079633
 1.57079633]
-1.5131835937499998, 5
[1.57079633 1.57079633 1.57079633 1.57079634 1.57079633 1.57079633
 1.57079633]
-2.1320393880208326, 6
[1.57079633 1.57079633 1.57079633 1.57079633 1.57079634 1.57079633
 1.57079633]
-1.5336100260416663, 7
[1.57079633 1.57079633 1.57079633 1.57079633 1.57079633 1.57079634
 1.57079633]
-2.011311848958333, 8
[1.57079633 1.57079633 1.57079633 1.57079633 1.57079633 1.57079633
 1.57079634]
0.6758219401041673, 9
[-3.14159265 -3.14159265  3.14159265 -3.14159265  3.14159265 -3.14159265
  3.14159265]
0.7288411458333339, 10
[-3.14159264 -3.14159265  3.14159265 -3.14159265  3.14159265 -3.14159265
  3.14159265]
0.6634521484375007, 11
[-3.14159265 -3.14159264  3.14159265 -3.14159265  3.14159265 -3.14159265
  3.14159265]
0.7082519531250009, 12
[-3.14159265 -3.14159265  3.14159264 -3.14159265  3.14159265 -3.14159265
  3.14159265]
0.7190348307291674, 13
[-3.14159265 -3.14159265  3.14159265 -3.14159264  3.14159265 -3.14159265
  3.14159265]
0.6260172526041673, 14
[-3.14159265 -3.14159265  3.14159265 -3.14159265  3.14159264 -3.14159265
  3.14159265]
0.5874023437500008, 15
[-3.14159265 -3.14159265  3.14159265 -3.14159265  3.14159265 -3.14159264
  3.14159265]
0.5767008463541674, 16
[-3.14159265 -3.14159265  3.14159265 -3.14159265  3.14159265 -3.14159265
  3.14159264]
0.6026611328125004, 17
[-0.05116773 -0.05116773  2.11145101 -0.05116773  2.11145101 -0.05116773
  2.11145101]
0.5593668619791665, 18
[-0.05116772 -0.05116773  2.11145101 -0.05116773  2.11145101 -0.05116773
  2.11145101]
0.38757324218750017, 19
[-0.05116773 -0.05116772  2.11145101 -0.05116773  2.11145101 -0.05116773
  2.11145101]
0.5612386067708337, 20
[-0.05116773 -0.05116773  2.11145102 -0.05116773  2.11145101 -0.05116773
  2.11145101]
0.42281087239583354, 21
[-0.05116773 -0.05116773  2.11145101 -0.05116772  2.11145101 -0.05116773
  2.11145101]
0.2644042968750001, 22
[-0.05116773 -0.05116773  2.11145101 -0.05116773  2.11145102 -0.05116773
  2.11145101]
0.39904785156250006, 23
[-0.05116773 -0.05116773  2.11145101 -0.05116773  2.11145101 -0.05116772
  2.11145101]
0.3833821614583336, 24
[-0.05116773 -0.05116773  2.11145101 -0.05116773  2.11145101 -0.05116773
  2.11145102]
-0.3510335286458332, 25
[0.84206948 0.84206948 1.81370527 0.84206948 1.81370527 0.84206948
 1.81370527]
-0.25370279947916635, 26
[0.84206949 0.84206948 1.81370527 0.84206948 1.81370527 0.84206948
 1.81370527]
-0.532674153645833, 27
[0.84206948 0.84206949 1.81370527 0.84206948 1.81370527 0.84206948
 1.81370527]
-0.4127197265624997, 28
[0.84206948 0.84206948 1.81370528 0.84206948 1.81370527 0.84206948
 1.81370527]
-0.01586914062499975, 29
[0.84206948 0.84206948 1.81370527 0.84206949 1.81370527 0.84206948
 1.81370527]
-0.550618489583333, 30
[0.84206948 0.84206948 1.81370527 0.84206948 1.81370528 0.84206948
 1.81370527]
-0.08345540364583315, 31
[0.84206948 0.84206948 1.81370527 0.84206948 1.81370527 0.84206949
 1.81370527]
-0.1792399088541665, 32
[0.84206948 0.84206948 1.81370527 0.84206948 1.81370527 0.84206948
 1.81370528]
-1.4015299479166663, 33
[1.4044809 1.4044809 1.6262348 1.4044809 1.6262348 1.4044809 1.6262348]
-1.1954752604166665, 34
[1.40448091 1.4044809  1.6262348  1.4044809  1.6262348  1.4044809
 1.6262348 ]
-1.5732014973958333, 35
[1.4044809  1.40448091 1.6262348  1.4044809  1.6262348  1.4044809
 1.6262348 ]
-2.1141764322916665, 36
[1.4044809  1.4044809  1.62623481 1.4044809  1.6262348  1.4044809
 1.6262348 ]
-1.491658528645833, 37
[1.4044809  1.4044809  1.6262348  1.40448091 1.6262348  1.4044809
 1.6262348 ]
-1.387166341145833, 38
[1.4044809  1.4044809  1.6262348  1.4044809  1.62623481 1.4044809
 1.6262348 ]
-1.3536783854166663, 39
[1.4044809  1.4044809  1.6262348  1.4044809  1.6262348  1.40448091
 1.6262348 ]
-1.3339843749999996, 40
[1.4044809  1.4044809  1.6262348  1.4044809  1.6262348  1.4044809
 1.62623481]
-1.540486653645833, 41
[1.5229721  1.5229721  1.58673774 1.5229721  1.58673774 1.5229721
 1.58673774]
-1.5306396484374998, 42
[1.52297211 1.5229721  1.58673774 1.5229721  1.58673774 1.5229721
 1.58673774]
-1.7153320312499998, 43
[1.5229721  1.52297211 1.58673774 1.5229721  1.58673774 1.5229721
 1.58673774]
-1.5712076822916663, 44
[1.5229721  1.5229721  1.58673775 1.5229721  1.58673774 1.5229721
 1.58673774]
-1.6325683593749996, 45
[1.5229721  1.5229721  1.58673774 1.52297211 1.58673774 1.5229721
 1.58673774]
-1.561848958333333, 46
[1.5229721  1.5229721  1.58673774 1.5229721  1.58673775 1.5229721
 1.58673774]
-1.6149088541666663, 47
[1.5229721  1.5229721  1.58673774 1.5229721  1.58673774 1.52297211
 1.58673774]
-1.6924641927083328, 48
[1.5229721  1.5229721  1.58673774 1.5229721  1.58673774 1.5229721
 1.58673775]
-1.609456380208333, 49
[1.55153914 1.55153914 1.57721539 1.55153914 1.57721539 1.55153914
 1.57721539]
-1.558430989583333, 50
[1.55153915 1.55153914 1.57721539 1.55153914 1.57721539 1.55153914
 1.57721539]
-1.5068359375, 51
[1.55153914 1.55153915 1.57721539 1.55153914 1.57721539 1.55153914
 1.57721539]
-1.4940999348958333, 52
[1.55153914 1.55153914 1.5772154  1.55153914 1.57721539 1.55153914
 1.57721539]
-1.615804036458333, 53
[1.55153914 1.55153914 1.57721539 1.55153915 1.57721539 1.55153914
 1.57721539]
-1.6022949218749996, 54
[1.55153914 1.55153914 1.57721539 1.55153914 1.5772154  1.55153914
 1.57721539]
-1.5617268880208333, 55
[1.55153914 1.55153914 1.57721539 1.55153914 1.57721539 1.55153915
 1.57721539]
-1.8671061197916665, 56
[1.55153914 1.55153914 1.57721539 1.55153914 1.57721539 1.55153914
 1.5772154 ]
-1.5677490234374998, 57
[1.56541297 1.56541297 1.57259078 1.56541297 1.57259078 1.56541297
 1.57259078]
-2.2398274739583326, 58
[1.56541298 1.56541297 1.57259078 1.56541297 1.57259078 1.56541297
 1.57259078]
-1.803670247395833, 59
[1.56541297 1.56541298 1.57259078 1.56541297 1.57259078 1.56541297
 1.57259078]
-1.740071614583333, 60
[1.56541297 1.56541297 1.57259079 1.56541297 1.57259078 1.56541297
 1.57259078]
-1.5230712890624998, 61
[1.56541297 1.56541297 1.57259078 1.56541298 1.57259078 1.56541297
 1.57259078]
-2.198567708333333, 62
[1.56541297 1.56541297 1.57259078 1.56541297 1.57259079 1.56541297
 1.57259078]
-2.216145833333333, 63
[1.56541297 1.56541297 1.57259078 1.56541297 1.57259078 1.56541298
 1.57259078]
-1.589803059895833, 64
[1.56541297 1.56541297 1.57259078 1.56541297 1.57259078 1.56541297
 1.57259079]
-1.9149983723958333, 65
[1.56791881 1.56791881 1.5717555  1.56791881 1.5717555  1.56791881
 1.5717555 ]
-1.7620849609374998, 66
[1.56791882 1.56791881 1.5717555  1.56791881 1.5717555  1.56791881
 1.5717555 ]
-1.5700683593749996, 67
[1.56791881 1.56791882 1.5717555  1.56791881 1.5717555  1.56791881
 1.5717555 ]
-1.577107747395833, 68
[1.56791881 1.56791881 1.57175551 1.56791881 1.5717555  1.56791881
 1.5717555 ]
-1.587849934895833, 69
[1.56791881 1.56791881 1.5717555  1.56791882 1.5717555  1.56791881
 1.5717555 ]
-1.5419514973958333, 70
[1.56791881 1.56791881 1.5717555  1.56791881 1.57175551 1.56791881
 1.5717555 ]
-1.532999674479166, 71
[1.56791881 1.56791881 1.5717555  1.56791881 1.5717555  1.56791882
 1.5717555 ]
-1.6182861328124998, 72
[1.56791881 1.56791881 1.5717555  1.56791881 1.5717555  1.56791881
 1.57175551]
-1.7798258463541665, 73
[1.57025152 1.57025152 1.57097793 1.57025152 1.57097793 1.57025152
 1.57097793]
-1.674153645833333, 74
[1.57025153 1.57025152 1.57097793 1.57025152 1.57097793 1.57025152
 1.57097793]
-1.6879069010416663, 75
[1.57025152 1.57025153 1.57097793 1.57025152 1.57097793 1.57025152
 1.57097793]
-1.6459147135416663, 76
[1.57025152 1.57025152 1.57097794 1.57025152 1.57097793 1.57025152
 1.57097793]
-1.8598632812499998, 77
[1.57025152 1.57025152 1.57097793 1.57025153 1.57097793 1.57025152
 1.57097793]
-2.1751302083333335, 78
[1.57025152 1.57025152 1.57097793 1.57025152 1.57097794 1.57025152
 1.57097793]
-1.5950927734375, 79
[1.57025152 1.57025152 1.57097793 1.57025152 1.57097793 1.57025153
 1.57097793]
-1.6244303385416663, 80
[1.57025152 1.57025152 1.57097793 1.57025152 1.57097793 1.57025152
 1.57097794]
-1.5721842447916663, 81
[1.57065397 1.57065397 1.57084378 1.57065397 1.57084378 1.57065397
 1.57084378]
-1.4058837890624993, 82
[1.57065398 1.57065397 1.57084378 1.57065397 1.57084378 1.57065397
 1.57084378]
-1.394368489583333, 83
[1.57065397 1.57065398 1.57084378 1.57065397 1.57084378 1.57065397
 1.57084378]
-1.3426920572916663, 84
[1.57065397 1.57065397 1.57084379 1.57065397 1.57084378 1.57065397
 1.57084378]
-1.248006184895833, 85
[1.57065397 1.57065397 1.57084378 1.57065398 1.57084378 1.57065397
 1.57084378]
-1.5386149088541663, 86
[1.57065397 1.57065397 1.57084378 1.57065397 1.57084379 1.57065397
 1.57084378]
-1.5538330078124996, 87
[1.57065397 1.57065397 1.57084378 1.57065397 1.57084378 1.57065398
 1.57084378]
-1.598185221354166, 88
[1.57065397 1.57065397 1.57084378 1.57065397 1.57084378 1.57065397
 1.57084379]
-1.8596191406249996, 89
[1.57076499 1.57076499 1.57080677 1.57076499 1.57080677 1.57076499
 1.57080677]
-2.128173828125, 90
[1.570765   1.57076499 1.57080677 1.57076499 1.57080677 1.57076499
 1.57080677]
-1.6478271484375, 91
[1.57076499 1.570765   1.57080677 1.57076499 1.57080677 1.57076499
 1.57080677]
-1.6219482421874998, 92
[1.57076499 1.57076499 1.57080678 1.57076499 1.57080677 1.57076499
 1.57080677]
-1.6262207031249996, 93
[1.57076499 1.57076499 1.57080677 1.570765   1.57080677 1.57076499
 1.57080677]
-1.5676269531249996, 94
[1.57076499 1.57076499 1.57080677 1.57076499 1.57080678 1.57076499
 1.57080677]
-2.3124593098958335, 95
[1.57076499 1.57076499 1.57080677 1.57076499 1.57080677 1.570765
 1.57080677]
-1.3831380208333328, 96
[1.57076499 1.57076499 1.57080677 1.57076499 1.57080677 1.57076499
 1.57080678]
-1.2972005208333328, 97
[1.57078107 1.57078107 1.57080141 1.57078107 1.57080141 1.57078107
 1.57080141]
-1.947957356770833, 98
[1.57078108 1.57078107 1.57080141 1.57078107 1.57080141 1.57078107
 1.57080141]
-1.711873372395833, 99
[1.57078107 1.57078108 1.57080141 1.57078107 1.57080141 1.57078107
 1.57080141]
-1.2403564453124996, 100
[1.57078107 1.57078107 1.57080142 1.57078107 1.57080141 1.57078107
 1.57080141]
-1.9221191406249998, 101
[1.57078107 1.57078107 1.57080141 1.57078108 1.57080141 1.57078107
 1.57080141]
-1.6408691406249998, 102
[1.57078107 1.57078107 1.57080141 1.57078107 1.57080142 1.57078107
 1.57080141]
-1.5524495442708333, 103
[1.57078107 1.57078107 1.57080141 1.57078107 1.57080141 1.57078108
 1.57080141]
-1.5969645182291663, 104
[1.57078107 1.57078107 1.57080141 1.57078107 1.57080141 1.57078107
 1.57080142]
-1.6014404296875, 105
[1.57078795 1.57078795 1.57079912 1.57078795 1.57079912 1.57078795
 1.57079912]
-1.6552734374999996, 106
[1.57078796 1.57078795 1.57079912 1.57078795 1.57079912 1.57078795
 1.57079912]
-1.6656494140624998, 107
[1.57078795 1.57078796 1.57079912 1.57078795 1.57079912 1.57078795
 1.57079912]
-1.6629638671875, 108
[1.57078795 1.57078795 1.57079913 1.57078795 1.57079912 1.57078795
 1.57079912]
-1.6731363932291663, 109
[1.57078795 1.57078795 1.57079912 1.57078796 1.57079912 1.57078795
 1.57079912]
-1.5834960937499996, 110
[1.57078795 1.57078795 1.57079912 1.57078795 1.57079913 1.57078795
 1.57079912]
-1.6296793619791665, 111
[1.57078795 1.57078795 1.57079912 1.57078795 1.57079912 1.57078796
 1.57079912]
-1.7687174479166665, 112
[1.57078795 1.57078795 1.57079912 1.57078795 1.57079912 1.57078795
 1.57079913]
-1.8818766276041665, 113
[1.57079322 1.57079322 1.57079736 1.57079322 1.57079736 1.57079322
 1.57079736]
-1.6791178385416665, 114
[1.57079323 1.57079322 1.57079736 1.57079322 1.57079736 1.57079322
 1.57079736]
-2.116739908854166, 115
[1.57079322 1.57079323 1.57079736 1.57079322 1.57079736 1.57079322
 1.57079736]
-1.937662760416666, 116
[1.57079322 1.57079322 1.57079737 1.57079322 1.57079736 1.57079322
 1.57079736]
-1.786458333333333, 117
[1.57079322 1.57079322 1.57079736 1.57079323 1.57079736 1.57079322
 1.57079736]
-1.499104817708333, 118
[1.57079322 1.57079322 1.57079736 1.57079322 1.57079737 1.57079322
 1.57079736]
-1.5299886067708333, 119
[1.57079322 1.57079322 1.57079736 1.57079322 1.57079736 1.57079323
 1.57079736]
-1.6007486979166663, 120
[1.57079322 1.57079322 1.57079736 1.57079322 1.57079736 1.57079322
 1.57079737]
-1.5753580729166663, 121
[1.57078874 1.57078932 1.57079866 1.57078892 1.57079807 1.57078858
 1.57079824]
-1.4364013671874996, 122
[1.57078875 1.57078932 1.57079866 1.57078892 1.57079807 1.57078858
 1.57079824]
-1.6621500651041663, 123
[1.57078874 1.57078933 1.57079866 1.57078892 1.57079807 1.57078858
 1.57079824]
-1.6462809244791665, 124
[1.57078874 1.57078932 1.57079867 1.57078892 1.57079807 1.57078858
 1.57079824]
-1.4637858072916665, 125
[1.57078874 1.57078932 1.57079866 1.57078893 1.57079807 1.57078858
 1.57079824]
-1.6983642578124998, 126
[1.57078874 1.57078932 1.57079866 1.57078892 1.57079808 1.57078858
 1.57079824]
-1.540283203125, 127
[1.57078874 1.57078932 1.57079866 1.57078892 1.57079807 1.57078859
 1.57079824]
-1.611775716145833, 128
[1.57078874 1.57078932 1.57079866 1.57078892 1.57079807 1.57078858
 1.57079825]
-1.810262044270833, 129
[1.57079216 1.57079229 1.57079767 1.5707922  1.57079753 1.57079212
 1.57079757]
-1.6013590494791663, 130
[1.57079217 1.57079229 1.57079767 1.5707922  1.57079753 1.57079212
 1.57079757]
-1.5229492187499996, 131
[1.57079216 1.5707923  1.57079767 1.5707922  1.57079753 1.57079212
 1.57079757]
-1.6066080729166663, 132
[1.57079216 1.57079229 1.57079768 1.5707922  1.57079753 1.57079212
 1.57079757]
-1.5751139322916663, 133
[1.57079216 1.57079229 1.57079767 1.57079221 1.57079753 1.57079212
 1.57079757]
-1.6284179687499996, 134
[1.57079216 1.57079229 1.57079767 1.5707922  1.57079754 1.57079212
 1.57079757]
-1.5784912109374996, 135
[1.57079216 1.57079229 1.57079767 1.5707922  1.57079753 1.57079213
 1.57079757]
-1.5785725911458328, 136
[1.57079216 1.57079229 1.57079767 1.5707922  1.57079753 1.57079212
 1.57079758]
-1.8601481119791665, 137
[1.57079307 1.57079309 1.57079741 1.57079307 1.57079739 1.57079306
 1.57079739]
-1.6536051432291665, 138
[1.57079308 1.57079309 1.57079741 1.57079307 1.57079739 1.57079306
 1.57079739]
-1.8577880859374998, 139
[1.57079307 1.5707931  1.57079741 1.57079307 1.57079739 1.57079306
 1.57079739]
-2.0936279296875, 140
[1.57079307 1.57079309 1.57079742 1.57079307 1.57079739 1.57079306
 1.57079739]
-1.62109375, 141
[1.57079307 1.57079309 1.57079741 1.57079308 1.57079739 1.57079306
 1.57079739]
-1.8421223958333333, 142
[1.57079307 1.57079309 1.57079741 1.57079307 1.5707974  1.57079306
 1.57079739]
-1.8893229166666663, 143
[1.57079307 1.57079309 1.57079741 1.57079307 1.57079739 1.57079307
 1.57079739]
-1.7768961588541663, 144
[1.57079307 1.57079309 1.57079741 1.57079307 1.57079739 1.57079306
 1.5707974 ]
-1.6248372395833328, 145
[1.57079319 1.57079319 1.57079737 1.57079319 1.57079737 1.57079319
 1.57079737]
-1.7423095703124998, 146
[1.5707932  1.57079319 1.57079737 1.57079319 1.57079737 1.57079319
 1.57079737]
-1.7924804687499996, 147
[1.57079319 1.5707932  1.57079737 1.57079319 1.57079737 1.57079319
 1.57079737]
-1.7919514973958328, 148
[1.57079319 1.57079319 1.57079738 1.57079319 1.57079737 1.57079319
 1.57079737]
-2.0814615885416665, 149
[1.57079319 1.57079319 1.57079737 1.5707932  1.57079737 1.57079319
 1.57079737]
-1.6490071614583335, 150
[1.57079319 1.57079319 1.57079737 1.57079319 1.57079738 1.57079319
 1.57079737]
-1.6594645182291665, 151
[1.57079319 1.57079319 1.57079737 1.57079319 1.57079737 1.5707932
 1.57079737]
-1.6047770182291663, 152
[1.57079319 1.57079319 1.57079737 1.57079319 1.57079737 1.57079319
 1.57079738]
-1.6390787760416663, 153
[1.5707932  1.57079321 1.57079737 1.5707932  1.57079737 1.5707932
 1.57079737]
-1.6657714843749996, 154
[1.57079321 1.57079321 1.57079737 1.5707932  1.57079737 1.5707932
 1.57079737]
-1.801595052083333, 155
[1.5707932  1.57079322 1.57079737 1.5707932  1.57079737 1.5707932
 1.57079737]
-1.6308593749999998, 156
[1.5707932  1.57079321 1.57079738 1.5707932  1.57079737 1.5707932
 1.57079737]
-1.8637695312499998, 157
[1.5707932  1.57079321 1.57079737 1.57079321 1.57079737 1.5707932
 1.57079737]
-1.7924804687499998, 158
[1.5707932  1.57079321 1.57079737 1.5707932  1.57079738 1.5707932
 1.57079737]
-1.7810872395833328, 159
[1.5707932  1.57079321 1.57079737 1.5707932  1.57079737 1.57079321
 1.57079737]
-1.4461669921874996, 160
[1.5707932  1.57079321 1.57079737 1.5707932  1.57079737 1.5707932
 1.57079738]
-1.9923095703124998, 161
[1.57079321 1.57079321 1.57079736 1.57079321 1.57079736 1.57079321
 1.57079736]
-1.5530598958333328, 162
[1.57079322 1.57079321 1.57079736 1.57079321 1.57079736 1.57079321
 1.57079736]
-1.6182454427083333, 163
[1.57079321 1.57079322 1.57079736 1.57079321 1.57079736 1.57079321
 1.57079736]
-1.571980794270833, 164
[1.57079321 1.57079321 1.57079737 1.57079321 1.57079736 1.57079321
 1.57079736]
-1.716389973958333, 165
[1.57079321 1.57079321 1.57079736 1.57079322 1.57079736 1.57079321
 1.57079736]
-1.6264241536458328, 166
[1.57079321 1.57079321 1.57079736 1.57079321 1.57079737 1.57079321
 1.57079736]
-1.679158528645833, 167
[1.57079321 1.57079321 1.57079736 1.57079321 1.57079736 1.57079322
 1.57079736]
-1.6198730468749996, 168
[1.57079321 1.57079321 1.57079736 1.57079321 1.57079736 1.57079321
 1.57079737]
-1.6440836588541663, 169
[1.57079321 1.57079321 1.57079737 1.57079321 1.57079736 1.57079321
 1.57079736]
-1.6995035807291663, 170
[1.57079322 1.57079321 1.57079737 1.57079321 1.57079736 1.57079321
 1.57079736]
-1.9207356770833333, 171
[1.57079321 1.57079322 1.57079737 1.57079321 1.57079736 1.57079321
 1.57079736]
-1.669474283854166, 172
[1.57079321 1.57079321 1.57079738 1.57079321 1.57079736 1.57079321
 1.57079736]
-1.6617431640624998, 173
[1.57079321 1.57079321 1.57079737 1.57079322 1.57079736 1.57079321
 1.57079736]
-2.0808512369791665, 174
[1.57079321 1.57079321 1.57079737 1.57079321 1.57079737 1.57079321
 1.57079736]
-1.76025390625, 175
[1.57079321 1.57079321 1.57079737 1.57079321 1.57079736 1.57079322
 1.57079736]
-1.6975504557291665, 176
[1.57079321 1.57079321 1.57079737 1.57079321 1.57079736 1.57079321
 1.57079737]
-1.8357747395833333, 177
[1.57079321 1.57079321 1.57079736 1.57079321 1.57079736 1.57079321
 1.57079736]
-1.6437988281249996, 178
[1.57079322 1.57079321 1.57079736 1.57079321 1.57079736 1.57079321
 1.57079736]
-1.498616536458333, 179
[1.57079321 1.57079322 1.57079736 1.57079321 1.57079736 1.57079321
 1.57079736]
-1.649251302083333, 180
[1.57079321 1.57079321 1.57079737 1.57079321 1.57079736 1.57079321
 1.57079736]
-1.6579589843749998, 181
[1.57079321 1.57079321 1.57079736 1.57079322 1.57079736 1.57079321
 1.57079736]
-1.6243082682291663, 182
[1.57079321 1.57079321 1.57079736 1.57079321 1.57079737 1.57079321
 1.57079736]
-1.5767415364583328, 183
[1.57079321 1.57079321 1.57079736 1.57079321 1.57079736 1.57079322
 1.57079736]
-1.5848388671874996, 184
[1.57079321 1.57079321 1.57079736 1.57079321 1.57079736 1.57079321
 1.57079737]
-1.609700520833333, 185
[1.57079321 1.57079321 1.57079736 1.57079321 1.57079736 1.57079321
 1.57079736]
-1.6123046874999998, 186
[1.57079322 1.57079321 1.57079736 1.57079321 1.57079736 1.57079321
 1.57079736]
-1.9152832031249998, 187
[1.57079321 1.57079322 1.57079736 1.57079321 1.57079736 1.57079321
 1.57079736]
-1.6311035156249998, 188
[1.57079321 1.57079321 1.57079737 1.57079321 1.57079736 1.57079321
 1.57079736]
-1.8677978515624998, 189
[1.57079321 1.57079321 1.57079736 1.57079322 1.57079736 1.57079321
 1.57079736]
-1.6659342447916665, 190
[1.57079321 1.57079321 1.57079736 1.57079321 1.57079737 1.57079321
 1.57079736]
-1.5947672526041663, 191
[1.57079321 1.57079321 1.57079736 1.57079321 1.57079736 1.57079322
 1.57079736]
-1.6601562499999998, 192
[1.57079321 1.57079321 1.57079736 1.57079321 1.57079736 1.57079321
 1.57079737]

 
 Results report for hardware: 
 
Loss data: [-1.6079101562499998, -1.5983072916666663, -1.570393880208333, -2.060872395833333, -1.5131835937499998, -2.1320393880208326, -1.5336100260416663, -2.011311848958333, 0.6758219401041673, 0.7288411458333339, 0.6634521484375007, 0.7082519531250009, 0.7190348307291674, 0.6260172526041673, 0.5874023437500008, 0.5767008463541674, 0.6026611328125004, 0.5593668619791665, 0.38757324218750017, 0.5612386067708337, 0.42281087239583354, 0.2644042968750001, 0.39904785156250006, 0.3833821614583336, -0.3510335286458332, -0.25370279947916635, -0.532674153645833, -0.4127197265624997, -0.01586914062499975, -0.550618489583333, -0.08345540364583315, -0.1792399088541665, -1.4015299479166663, -1.1954752604166665, -1.5732014973958333, -2.1141764322916665, -1.491658528645833, -1.387166341145833, -1.3536783854166663, -1.3339843749999996, -1.540486653645833, -1.5306396484374998, -1.7153320312499998, -1.5712076822916663, -1.6325683593749996, -1.561848958333333, -1.6149088541666663, -1.6924641927083328, -1.609456380208333, -1.558430989583333, -1.5068359375, -1.4940999348958333, -1.615804036458333, -1.6022949218749996, -1.5617268880208333, -1.8671061197916665, -1.5677490234374998, -2.2398274739583326, -1.803670247395833, -1.740071614583333, -1.5230712890624998, -2.198567708333333, -2.216145833333333, -1.589803059895833, -1.9149983723958333, -1.7620849609374998, -1.5700683593749996, -1.577107747395833, -1.587849934895833, -1.5419514973958333, -1.532999674479166, -1.6182861328124998, -1.7798258463541665, -1.674153645833333, -1.6879069010416663, -1.6459147135416663, -1.8598632812499998, -2.1751302083333335, -1.5950927734375, -1.6244303385416663, -1.5721842447916663, -1.4058837890624993, -1.394368489583333, -1.3426920572916663, -1.248006184895833, -1.5386149088541663, -1.5538330078124996, -1.598185221354166, -1.8596191406249996, -2.128173828125, -1.6478271484375, -1.6219482421874998, -1.6262207031249996, -1.5676269531249996, -2.3124593098958335, -1.3831380208333328, -1.2972005208333328, -1.947957356770833, -1.711873372395833, -1.2403564453124996, -1.9221191406249998, -1.6408691406249998, -1.5524495442708333, -1.5969645182291663, -1.6014404296875, -1.6552734374999996, -1.6656494140624998, -1.6629638671875, -1.6731363932291663, -1.5834960937499996, -1.6296793619791665, -1.7687174479166665, -1.8818766276041665, -1.6791178385416665, -2.116739908854166, -1.937662760416666, -1.786458333333333, -1.499104817708333, -1.5299886067708333, -1.6007486979166663, -1.5753580729166663, -1.4364013671874996, -1.6621500651041663, -1.6462809244791665, -1.4637858072916665, -1.6983642578124998, -1.540283203125, -1.611775716145833, -1.810262044270833, -1.6013590494791663, -1.5229492187499996, -1.6066080729166663, -1.5751139322916663, -1.6284179687499996, -1.5784912109374996, -1.5785725911458328, -1.8601481119791665, -1.6536051432291665, -1.8577880859374998, -2.0936279296875, -1.62109375, -1.8421223958333333, -1.8893229166666663, -1.7768961588541663, -1.6248372395833328, -1.7423095703124998, -1.7924804687499996, -1.7919514973958328, -2.0814615885416665, -1.6490071614583335, -1.6594645182291665, -1.6047770182291663, -1.6390787760416663, -1.6657714843749996, -1.801595052083333, -1.6308593749999998, -1.8637695312499998, -1.7924804687499998, -1.7810872395833328, -1.4461669921874996, -1.9923095703124998, -1.5530598958333328, -1.6182454427083333, -1.571980794270833, -1.716389973958333, -1.6264241536458328, -1.679158528645833, -1.6198730468749996, -1.6440836588541663, -1.6995035807291663, -1.9207356770833333, -1.669474283854166, -1.6617431640624998, -2.0808512369791665, -1.76025390625, -1.6975504557291665, -1.8357747395833333, -1.6437988281249996, -1.498616536458333, -1.649251302083333, -1.6579589843749998, -1.6243082682291663, -1.5767415364583328, -1.5848388671874996, -1.609700520833333, -1.6123046874999998, -1.9152832031249998, -1.6311035156249998, -1.8677978515624998, -1.6659342447916665, -1.5947672526041663, -1.6601562499999998]
 
Seconds to solve: 6306.2508137226105
 
Final loss: -1.609700520833333
 
Optimal Parameters: [1.57079321295172, 1.5707932133444644, 1.5707973646079083, 1.5707932130696918, 1.5707973642023836, 1.5707932128383981, 1.5707973643251856]
 
Final Configuration: [[1.0, 1.0, 1.0], [0.0, 1.0, 0.0], [0.0, 0.0, 0.0]]
 
Individual losses  for hardware_with_em
 
-2.4971019661127842, 1
[1.57079633 1.57079633 1.57079633 1.57079633 1.57079633 1.57079633
 1.57079633]
-2.0934084154700936, 2
[1.57079634 1.57079633 1.57079633 1.57079633 1.57079633 1.57079633
 1.57079633]
-2.4594703287483197, 3
[1.57079633 1.57079634 1.57079633 1.57079633 1.57079633 1.57079633
 1.57079633]
-1.8288209734082697, 4
[1.57079633 1.57079633 1.57079634 1.57079633 1.57079633 1.57079633
 1.57079633]
-1.8995846392812574, 5
[1.57079633 1.57079633 1.57079633 1.57079634 1.57079633 1.57079633
 1.57079633]
-1.7818773646736967, 6
[1.57079633 1.57079633 1.57079633 1.57079633 1.57079634 1.57079633
 1.57079633]
-1.914485849871957, 7
[1.57079633 1.57079633 1.57079633 1.57079633 1.57079633 1.57079634
 1.57079633]
-1.9286891506425616, 8
[1.57079633 1.57079633 1.57079633 1.57079633 1.57079633 1.57079633
 1.57079634]
0.470234227278181, 9
[-3.14159265 -3.14159265 -3.14159265 -3.14159265 -3.14159265 -3.14159265
 -3.14159265]
1.231507622858201, 10
[-3.14159264 -3.14159265 -3.14159265 -3.14159265 -3.14159265 -3.14159265
 -3.14159265]
1.2429397720750512, 11
[-3.14159265 -3.14159264 -3.14159265 -3.14159265 -3.14159265 -3.14159265
 -3.14159265]
0.5210676591041611, 12
[-3.14159265 -3.14159265 -3.14159264 -3.14159265 -3.14159265 -3.14159265
 -3.14159265]
1.305864230105752, 13
[-3.14159265 -3.14159265 -3.14159265 -3.14159264 -3.14159265 -3.14159265
 -3.14159265]
1.2575178101636504, 14
[-3.14159265 -3.14159265 -3.14159265 -3.14159265 -3.14159264 -3.14159265
 -3.14159265]
1.2147498664202545, 15
[-3.14159265 -3.14159265 -3.14159265 -3.14159265 -3.14159265 -3.14159264
 -3.14159265]
1.2029398726178608, 16
[-3.14159265 -3.14159265 -3.14159265 -3.14159265 -3.14159265 -3.14159265
 -3.14159264]
-0.042411413058097425, 17
[0.68476736 0.68476736 0.68476736 0.68476736 0.68476736 0.68476736
 0.68476736]
-0.33986202199386517, 18
[0.68476737 0.68476736 0.68476736 0.68476736 0.68476736 0.68476736
 0.68476736]
-0.02785018814725515, 19
[0.68476736 0.68476737 0.68476736 0.68476736 0.68476736 0.68476736
 0.68476736]
-0.03151664347494354, 20
[0.68476736 0.68476736 0.68476737 0.68476736 0.68476736 0.68476736
 0.68476736]
-0.09286218036415178, 21
[0.68476736 0.68476736 0.68476736 0.68476737 0.68476736 0.68476736
 0.68476736]
-0.23397224450280757, 22
[0.68476736 0.68476736 0.68476736 0.68476736 0.68476737 0.68476736
 0.68476736]
-0.01709703989386291, 23
[0.68476736 0.68476736 0.68476736 0.68476736 0.68476736 0.68476737
 0.68476736]
0.0009795514001367245, 24
[0.68476736 0.68476736 0.68476736 0.68476736 0.68476736 0.68476736
 0.68476737]
-1.104902645450297, 25
[1.25651982 1.25651982 1.25651982 1.25651982 1.25651982 1.25651982
 1.25651982]
-1.6014541359143701, 26
[1.25651983 1.25651982 1.25651982 1.25651982 1.25651982 1.25651982
 1.25651982]
-1.1548454862806423, 27
[1.25651982 1.25651983 1.25651982 1.25651982 1.25651982 1.25651982
 1.25651982]
-2.066823328777914, 28
[1.25651982 1.25651982 1.25651983 1.25651982 1.25651982 1.25651982
 1.25651982]
-1.4051892897998772, 29
[1.25651982 1.25651982 1.25651982 1.25651983 1.25651982 1.25651982
 1.25651982]
-1.0606860802475908, 30
[1.25651982 1.25651982 1.25651982 1.25651982 1.25651983 1.25651982
 1.25651982]
-1.1329782133420974, 31
[1.25651982 1.25651982 1.25651982 1.25651982 1.25651982 1.25651983
 1.25651982]
-1.6095916723138552, 32
[1.25651982 1.25651982 1.25651982 1.25651982 1.25651982 1.25651982
 1.25651983]
-1.5621514363453994, 33
[1.43017122 1.43017122 1.43017122 1.43017122 1.43017122 1.43017122
 1.43017122]
-1.5839968130616406, 34
[1.43017123 1.43017122 1.43017122 1.43017122 1.43017122 1.43017122
 1.43017122]
-1.6197107976081613, 35
[1.43017122 1.43017123 1.43017122 1.43017122 1.43017122 1.43017122
 1.43017122]
-1.7134919687669274, 36
[1.43017122 1.43017122 1.43017123 1.43017122 1.43017122 1.43017122
 1.43017122]
-1.3979126007412397, 37
[1.43017122 1.43017122 1.43017122 1.43017123 1.43017122 1.43017122
 1.43017122]
-1.9000545043789936, 38
[1.43017122 1.43017122 1.43017122 1.43017122 1.43017123 1.43017122
 1.43017122]
-1.6981725564174412, 39
[1.43017122 1.43017122 1.43017122 1.43017122 1.43017122 1.43017123
 1.43017122]
-2.0871235201226637, 40
[1.43017122 1.43017122 1.43017122 1.43017122 1.43017122 1.43017122
 1.43017123]
-2.1999319932307624, 41
[1.51652371 1.51652371 1.51652371 1.51652371 1.51652371 1.51652371
 1.51652371]
-1.8436591353124478, 42
[1.51652372 1.51652371 1.51652371 1.51652371 1.51652371 1.51652371
 1.51652371]
-2.02263182324495, 43
[1.51652371 1.51652372 1.51652371 1.51652371 1.51652371 1.51652371
 1.51652371]
-1.7853611967999616, 44
[1.51652371 1.51652371 1.51652372 1.51652371 1.51652371 1.51652371
 1.51652371]
-1.660867683537079, 45
[1.51652371 1.51652371 1.51652371 1.51652372 1.51652371 1.51652371
 1.51652371]
-1.9011620910071958, 46
[1.51652371 1.51652371 1.51652371 1.51652371 1.51652372 1.51652371
 1.51652371]
-1.7719249834204582, 47
[1.51652371 1.51652371 1.51652371 1.51652371 1.51652371 1.51652372
 1.51652371]
-2.250642497209435, 48
[1.51652371 1.51652371 1.51652371 1.51652371 1.51652371 1.51652371
 1.51652372]
-1.9338244679236827, 49
[1.55726073 1.55726073 1.55726073 1.55726073 1.55726073 1.55726073
 1.55726073]
-1.7268538066613701, 50
[1.55726074 1.55726073 1.55726073 1.55726073 1.55726073 1.55726073
 1.55726073]
-2.28685324407727, 51
[1.55726073 1.55726074 1.55726073 1.55726073 1.55726073 1.55726073
 1.55726073]
-1.843901355446306, 52
[1.55726073 1.55726073 1.55726074 1.55726073 1.55726073 1.55726073
 1.55726073]
-1.8862023248760083, 53
[1.55726073 1.55726073 1.55726073 1.55726074 1.55726073 1.55726073
 1.55726073]
-1.776334501393243, 54
[1.55726073 1.55726073 1.55726073 1.55726073 1.55726074 1.55726073
 1.55726073]
-2.1736633627194686, 55
[1.55726073 1.55726073 1.55726073 1.55726073 1.55726073 1.55726074
 1.55726073]
-1.842343327507134, 56
[1.55726073 1.55726073 1.55726073 1.55726073 1.55726073 1.55726073
 1.55726074]
-1.7987173232689477, 57
[1.56628485 1.56628485 1.56628485 1.56628485 1.56628485 1.56628485
 1.56628485]
-1.9580628445611483, 58
[1.56628486 1.56628485 1.56628485 1.56628485 1.56628485 1.56628485
 1.56628485]
-2.148446985706859, 59
[1.56628485 1.56628486 1.56628485 1.56628485 1.56628485 1.56628485
 1.56628485]
-1.6966467660580455, 60
[1.56628485 1.56628485 1.56628486 1.56628485 1.56628485 1.56628485
 1.56628485]
-1.6131949967717183, 61
[1.56628485 1.56628485 1.56628485 1.56628486 1.56628485 1.56628485
 1.56628485]
-1.780882140846626, 62
[1.56628485 1.56628485 1.56628485 1.56628485 1.56628486 1.56628485
 1.56628485]
-1.9095969563425435, 63
[1.56628485 1.56628485 1.56628485 1.56628485 1.56628485 1.56628486
 1.56628485]
-1.7885268929144773, 64
[1.56628485 1.56628485 1.56628485 1.56628485 1.56628485 1.56628485
 1.56628486]
-2.2784526186743186, 65
[1.56922717 1.56922717 1.56922717 1.56922717 1.56922717 1.56922717
 1.56922717]
-1.7683572737360431, 66
[1.56922718 1.56922717 1.56922717 1.56922717 1.56922717 1.56922717
 1.56922717]
-1.8956222878412023, 67
[1.56922717 1.56922718 1.56922717 1.56922717 1.56922717 1.56922717
 1.56922717]
-2.1081918455995585, 68
[1.56922717 1.56922717 1.56922718 1.56922717 1.56922717 1.56922717
 1.56922717]
-1.9498878215016446, 69
[1.56922717 1.56922717 1.56922717 1.56922718 1.56922717 1.56922717
 1.56922717]
-2.0950906668938156, 70
[1.56922717 1.56922717 1.56922717 1.56922717 1.56922718 1.56922717
 1.56922717]
-2.196055127605601, 71
[1.56922717 1.56922717 1.56922717 1.56922717 1.56922717 1.56922718
 1.56922717]
-1.8769612212534992, 72
[1.56922717 1.56922717 1.56922717 1.56922717 1.56922717 1.56922717
 1.56922718]
-1.8702274736160969, 73
[1.57039983 1.57039983 1.57039983 1.57039983 1.57039983 1.57039983
 1.57039983]
-1.7978233651927036, 74
[1.57039984 1.57039983 1.57039983 1.57039983 1.57039983 1.57039983
 1.57039983]
-2.4689554688385105, 75
[1.57039983 1.57039984 1.57039983 1.57039983 1.57039983 1.57039983
 1.57039983]
-2.0943877807600826, 76
[1.57039983 1.57039983 1.57039984 1.57039983 1.57039983 1.57039983
 1.57039983]
-2.05947149175898, 77
[1.57039983 1.57039983 1.57039983 1.57039984 1.57039983 1.57039983
 1.57039983]
-1.9356649017485954, 78
[1.57039983 1.57039983 1.57039983 1.57039983 1.57039984 1.57039983
 1.57039983]
-1.9268362095621476, 79
[1.57039983 1.57039983 1.57039983 1.57039983 1.57039983 1.57039984
 1.57039983]
-2.1016663129099653, 80
[1.57039983 1.57039983 1.57039983 1.57039983 1.57039983 1.57039983
 1.57039984]
-1.745993670422483, 81
[1.57063868 1.57063868 1.57063868 1.57063868 1.57063868 1.57063868
 1.57063868]
-1.8227527925543314, 82
[1.57063869 1.57063868 1.57063868 1.57063868 1.57063868 1.57063868
 1.57063868]
-1.841078422277902, 83
[1.57063868 1.57063869 1.57063868 1.57063868 1.57063868 1.57063868
 1.57063868]
-1.8153755299301424, 84
[1.57063868 1.57063868 1.57063869 1.57063868 1.57063868 1.57063868
 1.57063868]
-1.8777505398872416, 85
[1.57063868 1.57063868 1.57063868 1.57063869 1.57063868 1.57063868
 1.57063868]
-1.7893249876893704, 86
[1.57063868 1.57063868 1.57063868 1.57063868 1.57063869 1.57063868
 1.57063868]
-1.7754395818582718, 87
[1.57063868 1.57063868 1.57063868 1.57063868 1.57063868 1.57063869
 1.57063868]
-1.5781093955102834, 88
[1.57063868 1.57063868 1.57063868 1.57063868 1.57063868 1.57063868
 1.57063869]
-1.7755619495061445, 89
[1.5707417 1.5707417 1.5707417 1.5707417 1.5707417 1.5707417 1.5707417]
-2.0538705529416452, 90
[1.57074171 1.5707417  1.5707417  1.5707417  1.5707417  1.5707417
 1.5707417 ]
-2.2766926712563373, 91
[1.5707417  1.57074171 1.5707417  1.5707417  1.5707417  1.5707417
 1.5707417 ]
-1.7124809490089528, 92
[1.5707417  1.5707417  1.57074171 1.5707417  1.5707417  1.5707417
 1.5707417 ]
-1.7179721167533337, 93
[1.5707417  1.5707417  1.5707417  1.57074171 1.5707417  1.5707417
 1.5707417 ]
-2.0853920578191247, 94
[1.5707417  1.5707417  1.5707417  1.5707417  1.57074171 1.5707417
 1.5707417 ]
-1.820411927549022, 95
[1.5707417  1.5707417  1.5707417  1.5707417  1.5707417  1.57074171
 1.5707417 ]
-1.8753485905535143, 96
[1.5707417  1.5707417  1.5707417  1.5707417  1.5707417  1.5707417
 1.57074171]
-2.156763230399075, 97
[1.57077511 1.57077511 1.57077511 1.57077511 1.57077511 1.57077511
 1.57077511]
-1.8255004270262778, 98
[1.57077512 1.57077511 1.57077511 1.57077511 1.57077511 1.57077511
 1.57077511]
-2.1923441401578647, 99
[1.57077511 1.57077512 1.57077511 1.57077511 1.57077511 1.57077511
 1.57077511]
-1.8358867694599716, 100
[1.57077511 1.57077511 1.57077512 1.57077511 1.57077511 1.57077511
 1.57077511]
-1.7399919801064472, 101
[1.57077511 1.57077511 1.57077511 1.57077512 1.57077511 1.57077511
 1.57077511]
-2.493082522263783, 102
[1.57077511 1.57077511 1.57077511 1.57077511 1.57077512 1.57077511
 1.57077511]
-2.1566924472541764, 103
[1.57077511 1.57077511 1.57077511 1.57077511 1.57077511 1.57077512
 1.57077511]
-2.0575590701924438, 104
[1.57077511 1.57077511 1.57077511 1.57077511 1.57077511 1.57077511
 1.57077512]
-1.7968179881104023, 105
[1.57079 1.57079 1.57079 1.57079 1.57079 1.57079 1.57079]
-1.7958899213310047, 106
[1.57079001 1.57079    1.57079    1.57079    1.57079    1.57079
 1.57079   ]
-1.6195445572374045, 107
[1.57079    1.57079001 1.57079    1.57079    1.57079    1.57079
 1.57079   ]
-2.048095513757976, 108
[1.57079    1.57079    1.57079001 1.57079    1.57079    1.57079
 1.57079   ]
-1.7662967926097533, 109
[1.57079    1.57079    1.57079    1.57079001 1.57079    1.57079
 1.57079   ]
-2.0415018380087777, 110
[1.57079    1.57079    1.57079    1.57079    1.57079001 1.57079
 1.57079   ]
-2.120086243659432, 111
[1.57079    1.57079    1.57079    1.57079    1.57079    1.57079001
 1.57079   ]
-1.7214216831324352, 112
[1.57079    1.57079    1.57079    1.57079    1.57079    1.57079
 1.57079001]
-1.798345684545371, 113
[1.57079405 1.57079405 1.57079405 1.57079405 1.57079405 1.57079405
 1.57079405]
-1.9698371830380172, 114
[1.57079406 1.57079405 1.57079405 1.57079405 1.57079405 1.57079405
 1.57079405]
-1.7367316577048464, 115
[1.57079405 1.57079406 1.57079405 1.57079405 1.57079405 1.57079405
 1.57079405]
-1.8369617739618411, 116
[1.57079405 1.57079405 1.57079406 1.57079405 1.57079405 1.57079405
 1.57079405]
-1.6894550697311508, 117
[1.57079405 1.57079405 1.57079405 1.57079406 1.57079405 1.57079405
 1.57079405]
-1.7748807254737016, 118
[1.57079405 1.57079405 1.57079405 1.57079405 1.57079406 1.57079405
 1.57079405]
-2.0938202488626603, 119
[1.57079405 1.57079405 1.57079405 1.57079405 1.57079405 1.57079406
 1.57079405]
-1.8995435326863, 120
[1.57079405 1.57079405 1.57079405 1.57079405 1.57079405 1.57079405
 1.57079406]
-1.7945254767152912, 121
[1.57079553 1.57079553 1.57079553 1.57079553 1.57079553 1.57079553
 1.57079553]
-1.9218293768597532, 122
[1.57079554 1.57079553 1.57079553 1.57079553 1.57079553 1.57079553
 1.57079553]
-2.10805463230669, 123
[1.57079553 1.57079554 1.57079553 1.57079553 1.57079553 1.57079553
 1.57079553]
-1.8072564527856783, 124
[1.57079553 1.57079553 1.57079554 1.57079553 1.57079553 1.57079553
 1.57079553]
-1.8760175880985193, 125
[1.57079553 1.57079553 1.57079553 1.57079554 1.57079553 1.57079553
 1.57079553]
-1.729820760148281, 126
[1.57079553 1.57079553 1.57079553 1.57079553 1.57079554 1.57079553
 1.57079553]
-1.6571575596772348, 127
[1.57079553 1.57079553 1.57079553 1.57079553 1.57079553 1.57079554
 1.57079553]
-1.8493243355728197, 128
[1.57079553 1.57079553 1.57079553 1.57079553 1.57079553 1.57079553
 1.57079554]
-1.889447828160836, 129
[1.57079605 1.57079605 1.57079605 1.57079605 1.57079605 1.57079605
 1.57079605]
-1.7629040217588563, 130
[1.57079606 1.57079605 1.57079605 1.57079605 1.57079605 1.57079605
 1.57079605]
-1.9163620562662729, 131
[1.57079605 1.57079606 1.57079605 1.57079605 1.57079605 1.57079605
 1.57079605]
-2.046550796751862, 132
[1.57079605 1.57079605 1.57079606 1.57079605 1.57079605 1.57079605
 1.57079605]
-2.0247788411956327, 133
[1.57079605 1.57079605 1.57079605 1.57079606 1.57079605 1.57079605
 1.57079605]
-2.2507239153067813, 134
[1.57079605 1.57079605 1.57079605 1.57079605 1.57079606 1.57079605
 1.57079605]
-1.9081372522514817, 135
[1.57079605 1.57079605 1.57079605 1.57079605 1.57079605 1.57079606
 1.57079605]
-1.882264095746832, 136
[1.57079605 1.57079605 1.57079605 1.57079605 1.57079605 1.57079605
 1.57079606]
-1.8018885166716028, 137
[1.57079623 1.57079623 1.57079623 1.57079623 1.57079623 1.57079623
 1.57079623]
-2.2283470456986496, 138
[1.57079624 1.57079623 1.57079623 1.57079623 1.57079623 1.57079623
 1.57079623]
-1.9838693684513156, 139
[1.57079623 1.57079624 1.57079623 1.57079623 1.57079623 1.57079623
 1.57079623]
-1.8814311437048445, 140
[1.57079623 1.57079623 1.57079624 1.57079623 1.57079623 1.57079623
 1.57079623]
-1.8547076487123346, 141
[1.57079623 1.57079623 1.57079623 1.57079624 1.57079623 1.57079623
 1.57079623]
-2.052939679492083, 142
[1.57079623 1.57079623 1.57079623 1.57079623 1.57079624 1.57079623
 1.57079623]
-1.78137619679567, 143
[1.57079623 1.57079623 1.57079623 1.57079623 1.57079623 1.57079624
 1.57079623]
-1.7938334675449985, 144
[1.57079623 1.57079623 1.57079623 1.57079623 1.57079623 1.57079623
 1.57079624]
-1.9169069879680958, 145
[1.57079629 1.57079629 1.57079629 1.57079629 1.57079629 1.57079629
 1.57079629]
-1.9373796254708013, 146
[1.5707963  1.57079629 1.57079629 1.57079629 1.57079629 1.57079629
 1.57079629]
-1.8007439223586514, 147
[1.57079629 1.5707963  1.57079629 1.57079629 1.57079629 1.57079629
 1.57079629]
-1.7946987763300484, 148
[1.57079629 1.57079629 1.5707963  1.57079629 1.57079629 1.57079629
 1.57079629]
-2.158469163084483, 149
[1.57079629 1.57079629 1.57079629 1.5707963  1.57079629 1.57079629
 1.57079629]
-2.35806695501908, 150
[1.57079629 1.57079629 1.57079629 1.57079629 1.5707963  1.57079629
 1.57079629]
-1.83073370331564, 151
[1.57079629 1.57079629 1.57079629 1.57079629 1.57079629 1.5707963
 1.57079629]
-1.884200138900817, 152
[1.57079629 1.57079629 1.57079629 1.57079629 1.57079629 1.57079629
 1.5707963 ]
-2.0855656244260263, 153
[1.57079632 1.57079632 1.57079632 1.57079632 1.57079632 1.57079632
 1.57079632]
-1.757940725609179, 154
[1.57079633 1.57079632 1.57079632 1.57079632 1.57079632 1.57079632
 1.57079632]
-2.0779289347147594, 155
[1.57079632 1.57079633 1.57079632 1.57079632 1.57079632 1.57079632
 1.57079632]
-1.8237563900313445, 156
[1.57079632 1.57079632 1.57079633 1.57079632 1.57079632 1.57079632
 1.57079632]
-1.9482097741957065, 157
[1.57079632 1.57079632 1.57079632 1.57079633 1.57079632 1.57079632
 1.57079632]
-1.7646772972288705, 158
[1.57079632 1.57079632 1.57079632 1.57079632 1.57079633 1.57079632
 1.57079632]
-1.7899365821789877, 159
[1.57079632 1.57079632 1.57079632 1.57079632 1.57079632 1.57079633
 1.57079632]
-2.6944765434591034, 160
[1.57079632 1.57079632 1.57079632 1.57079632 1.57079632 1.57079632
 1.57079633]
-2.167174019518541, 161
[1.57079632 1.57079632 1.57079632 1.57079632 1.57079632 1.57079632
 1.57079632]
-1.8466544810733232, 162
[1.57079633 1.57079632 1.57079632 1.57079632 1.57079632 1.57079632
 1.57079632]
-1.9396622940190904, 163
[1.57079632 1.57079633 1.57079632 1.57079632 1.57079632 1.57079632
 1.57079632]
-1.8373077169334942, 164
[1.57079632 1.57079632 1.57079633 1.57079632 1.57079632 1.57079632
 1.57079632]
-2.1641979200882178, 165
[1.57079632 1.57079632 1.57079632 1.57079633 1.57079632 1.57079632
 1.57079632]
-1.997842978318014, 166
[1.57079632 1.57079632 1.57079632 1.57079632 1.57079633 1.57079632
 1.57079632]
-1.8222542842749698, 167
[1.57079632 1.57079632 1.57079632 1.57079632 1.57079632 1.57079633
 1.57079632]
-2.0017127524723666, 168
[1.57079632 1.57079632 1.57079632 1.57079632 1.57079632 1.57079632
 1.57079633]
